6
22
192
24
7
31
6
13
410
2
8
373
30
9
6
23
16
28
12
4
84
27
17
68
18
14
88
25
13
144
13
2
358
23
5
23
20
19
216
3
6
520
10
10
22
28
18
31
10
11
419
16
18
93
24
20
66
11
2
329
5
16
143
6
14
448
22
1
215
8
0
84
5
18
211
30
6
11
8
16
240
15
21
102
9
11
109
3
23
138
2
20
510
12
21
456
8
3
36
25
1
132
23
17
18
29
17
19
15
14
181
13
10
56
3
4
558
26
18
15
6
15
37
4
16
75
8
0
507
23
14
75
24
16
102
11
4
376
18
16
114
13
23
206
17
12
50
6
12
234
30
6
13
1
11
581
22
10
136
13
7
190
7
4
306
4
7
454
13
14
220
27
2
45
7
11
105
20
16
163
16
9
319
27
15
14
28
5
1
26
13
110
16
5
80
2
23
373
8
19
219
8
19
400
23
8
86
2
0
352
2
3
149
16
15
246
27
2
4
7
15
414
25
12
44
3
5
409
22
9
182
28
22
4
21
5
34
14
21
330
1
12
641
23
23
163
15
18
379
11
4
275
20
12
84
18
21
76
18
3
29
17
22
200
29
7
37
15
15
236
15
14
380
21
20
29
8
4
238
26
4
118
16
1
99
29
12
30
7
2
37
23
16
2
5
0
192
14
5
290
