9
7
3
9
10
10
1
5
10
1
10
9
6
8
7
3
4
4
5
1
4
2
1
9
4
1
10
1
2
1
6
5
10
10
4
6
1
3
9
3
79
44
34
95
31
21
38
70
74
69
53
53
97
43
56
18
36
55
14
68
29
24
48
71
96
73
33
61
48
79
32
63
60
48
44
68
61
91
36
39
4.8
0.6
5.8
8.7
10.0
7.8
9.4
7.7
3.9
2.0
8.7
9.7
7.8
1.1
3.6
9.0
8.2
9.9
2.1
0.2
8.4
1.3
4.2
6.7
2.1
4.5
7.3
6.3
0.3
1.9
6.5
1.2
8.1
8.4
5.0
1.6
1.1
9.7
9.2
6.0
3.7
9.6
5.3
9.1
4.2
10.0
1.2
5.7
4.7
4.8
0.7
4.6
2.1
5.1
7.7
0.3
5.5
1.7
2.1
9.3
44.82
44.44
81.26
0.72
1.15
40.96
67.31
4.21
8.79
80.04
1.69
40.04
25.41
65.98
18.72
90.31
34.61
14.78
60.14
9.33
20.23
16.78
77.09
77.75
76.73
76.09
33.56
96.79
66.96
32.88
32.87
23.31
6.44
54.59
76.41
12.37
52.47
14.13
60.18
46.91
79.2
57.32
99.82
72.04
14.9
27.23
75.16
72.9
11.04
69.77
92.35
53.26
30.8
91.06
74.64
29.47
93.57
74.1
49.43
93.02
