7
7
9
2
0
7
2
0
2
0
3
7
3
7
6
8
10
9
6
9
11
8
10
0
4
4
1
9
0
1
3
3
6
0
3
0
7
6
8
5
7
79
11
57
6
54
11
36
6
26
8
94
0
63
6
34
1
65
11
60
9
35
11
92
5
86
5
89
5
60
1
39
10
75
9
42
7
83
4
95
4
840
1
748
10
285
1
892
9
944
2
563
0
963
11
921
8
665
8
695
1
816
3
362
0
826
4
847
0
458
1
619
8
974
11
921
8
867
10
443
0
2182
5
9431
1
2849
2
7018
8
6650
2
4504
7
6964
0
1349
7
9839
7
1629
4
7174
1
7668
10
7933
4
5681
7
9480
0
2887
0
2260
0
9225
10
8516
3
1933
1
37784
1
85911
9
40350
0
28687
5
81192
1
25754
9
12218
4
31861
3
67895
8
88801
7
82978
9
34695
2
51651
5
30716
5
79412
8
20970
11
87915
9
35977
10
32817
3
99612
